1073725440
1073725327
1073725039
1073724767
1073724607
1073724309
1073724353
1073724313
1073724331
1073724348
1073724244
1073724151
1073724127
1073723897
1073723861
1073723868
1073723774
1073723315
1073723369
1073723358
1073723239
1073722994
1073723107
1073723065
1073723066
1073723114
1073723103
803190782
788528343
838729562
1071560699
18542591
767229941
1068993503
1071562469
266319359
1071489021
937080829
1056374782
535818216
1073722813
1073722616
1073722295
1073722343
1073722302
1073721835
1073721837
1073721823
1073721983
1073722231
1073722095
1073721854
1073722207
1073722238
1073721283
1073721285
1073721259
1073721318
1073721233
1073721173
1073721174
1073721203
1073721085
1073720788
1073721055
1073720273
1073720247
1073720276
1073720263
1073720221
1073720291
1073720249
1073720702
1073720239
1073720301
1073720095
1073719799
1073719759
1073720151
1073720123
1073719787
1073719773
1073719679
1073720126
1073719790
1073720182
1073719804
1073719277
1073719278
1073720189
1073719095
1073718527
1073718079
1073717743
1073718175
1073719099
1073718975
1073718751
1073718235
1073718223
1073718781
1073718782
1073719229
1073719135
1073719166
1073717211
1073716962
1073716920
1073716854
1073716858
1073717095
1073716959
1073717116
1073716474
1073716476
1073716669
1073716726
1073716029
1073716030
1073716127
1073716087
1073716155
1073715951
1073716199
1073716175
1073716203
1073714999
1073715005
1073714936
1073715171
1073715129
1073715062
1073715703
1073715134
1073715067
1073715839
1073715707
1073715055
1073715182
1073713407
1073713855
1073714751
1073714415
1073714930
1073714875
1073714663
1073714430
1073713983
1073713647
1073714623
1073713917
1073714923
1073714814
1073714669
1073714683
1073714684
1073710839
1073710719
1073710911
1073710831
1073711583
1073712615
1073712383
1073711935
1073711599
1073712831
1073711967
1073712622
1073713055
1073712637
1073713083
1073712094
1073713085
1073713019
1073713103
1073713021
1073713131
1073709567
1073709823
1073710015
1073710575
1073709951
1073710047
1073710063
1073708752
1073708691
1073708693
1073708739
1073708697
1073708698
1073708741
1073708742
1073708700
1073708745
1073708746
1073708576
1073708567
1073708571
1073708627
1073708573
1073708629
1073708574
1073708630
1073708634
1073708636
1073708288
1073708256
1073708231
1073708245
1073708246
1073708218
1073708235
1073708220
1073708249
1073708250
1073708237
1073708238
1073708252
1073692656
1073692628
1073692625
1073692587
1073692580
1073692520
1073692519
1073692408
1073692402
1073692093
1073692082
1073692030
1073691636
1073691633
1073691629
1073691581
1073691567
1073691517
1073691503
1073691410
1073691389
1073691133
1073691074
1073691071
1073691007
1073690616
1073690610
1073690603
1073690587
1073690555
1073690543
1073690491
1073690479
1073690164
1073690107
1073690047
1073689983
1073689828
1073689597
1073689595
1073689551
1073688831
1073688564
1073688561
1073688551
1073688503
1073688495
1073688439
1073688431
1073688344
1073688311
1073688055
1073688008
1073687999
1073687935
1073687512
1073687506
1073687498
1073687450
1073687386
1073687359
1073687023
1073687002
1073686523
1073686519
1073686431
1073686143
1073685502
1073685487
1073685471
1073685439
1073685375
1073684991
1073684472
1073684466
1073684462
1073684446
1073684414
1073684399
1073684335
1073684017
1073683903
1073683681
1073683454
1073683295
1073682239
1073682037
1073681903
1073681653
1073681399
1073681391
1073681343
1073681279
1073680895
1073680382
1073679839
1073679355
1073679343
1073679327
1073679295
1073679231
1073678847
1073678333
1073678319
1073678271
1073678207
1073677823
1073627112
1073627086
1073627058
1073627055
1073627038
1073627000
1073626985
1073626974
1073626854
1073626812
1073626745
1073626740
1073626677
1073626610
1073626590
1073626547
1073626481
1073626356
1073626355
1073626341
1073626098
1073626091
1073626087
1073626074
1073626043
1073625979
1073625975
1073625598
1073625587
1073625583
1073624893
1073624886
1073624694
1073624693
1073624556
1073624551
1073624316
1073624309
1073624047
1073623999
1073623032
1073623019
1073623002
1073622973
1073622971
1073622910
1073622905
1073622847
1073622525
1073622523
1073622011
1073621982
1073620975
1073620927
1073618913
1073618865
1073618814
1073618803
1073618745
1073618741
1073618665
1073618659
1073618617
1073618611
1073618555
1073618549
1073618493
1073618430
1073618425
1073618405
1073618403
1073618303
1073618171
1073618165
1073618151
1073617917
1073617915
1073617911
1073617903
1073617791
1073617599
1073617407
1073616628
1073616625
1073616613
1073616565
1073616503
1073616125
1073615615
1073614845
1073614843
1073614839
1073614783
1073614719
1073614575
1073614335
1073612543
1073611775
1073561572
1073561570
1073561554
1073561546
1073561545
1073561542
1073561539
1073561524
1073561522
1073561510
1073561496
1073561494
1073561468
1073561458
1073561457
1073561455
1073561438
