1073725328
1073725344
1073725376
1073725324
1073725313
1073725314
1073725249
1073725250
1073725264
1073725252
1073725280
1073725256
1073725187
1073725201
1073725189
1073725217
1073725190
1073725218
1073725204
1073725232
1073725136
1073725220
1073725193
1073725194
1073725152
1073725125
1073725126
1073725224
1073725128
1073725059
1073725073
1073725074
1073725089
1073725090
1073725076
1073725104
1073725010
1073725092
1073725065
1073725025
1073725066
1073725026
1073725012
1073725080
1073725040
1073725028
1073725096
1073725016
1073725032
1073724947
1073724935
1073724963
1073724949
1073724950
1073724978
1073724965
1073724966
1073724939
1073724995
1073724953
1073725009
1073724954
1073724941
1073724969
1073724942
1073724970
1073724956
1073724984
1073724880
1073724972
1073725001
1073724896
1073725002
1073725004
1073724803
1073724817
1073724818
1073724805
1073724833
1073724806
1073724834
1073724820
1073724848
1073724836
1073724809
1073724865
1073724810
1073724824
1073724784
1073724771
1073724772
1073724868
1073724840
1073724776
1073724691
1073724679
1073724693
1073724721
1073724694
1073724722
1073724709
1073724710
1073724683
1073724724
1073724697
1073724642
1073724753
1073724698
1073724685
1073724656
1073724754
1073724741
1073724713
1073724686
1073724742
1073724714
1073724700
1073724756
1073724728
1073724716
1073724745
1073724648
1073724746
1073724760
1073724748
1073724637
1073724638
1073724439
1073724467
1073724563
1073724455
1073724551
1073724469
1073724579
1073724470
1073724443
1073724593
1073724499
1073724431
1073724594
1073724581
1073724487
1073724459
1073724582
1073724555
1073724473
1073724611
1073724596
1073724529
1073724474
1073724461
1073724530
1073724517
1073724462
1073724585
1073724518
1073724491
1073724476
1073724586
1073724532
1073724600
1073724588
1073724521
1073724522
1073724536
1073724524
1073724321
1073724322
1073724308
1073724336
1073724324
1073724312
1073724368
1073724356
1073724328
1073724384
1073724360
1073724195
1073724291
1073724209
1073724305
1073724197
1073724293
1073724198
1073724294
1073724227
1073724212
1073724241
1073724229
1073724201
1073724297
1073724257
1073724230
1073724202
1073724188
1073724298
1073724258
1073724216
1073724272
1073724204
1073724260
1073724233
1073724234
1073724248
1073724236
1073724264
1073724067
1073724081
1073724082
1073724069
1073724055
1073724167
1073724070
1073724181
1073724099
1073724084
1073724057
1073724113
1073724058
1073724114
1073724073
1073724171
1073724129
1073724074
1073724060
1073724185
1073724130
1073724116
1073724088
1073724173
1073724144
1073724076
1073724174
1073724132
1073724105
1073724106
1073724120
1073724108
1073724136
1073723955
1073723943
1073723957
1073723958
1073723931
1073723987
1073723919
1073723975
1073723947
1073723933
1073724043
1073724003
1073723989
1073723961
1073723934
1073724017
1073723990
1073723962
1073723949
1073724045
1073724018
1073724005
1073723950
1073723873
1073724046
1073724006
1073723979
1073723964
1073724020
1073723993
1073723888
1073723994
1073723981
1073723876
1073724009
1073723982
1073724010
1073723996
1073724024
1073724012
1073723880
1073723795
1073723783
1073723811
1073723797
1073723825
1073723798
1073723826
1073723813
1073723814
1073723787
1073723828
1073723801
1073723761
1073723857
1073723802
1073723789
1073723762
1073723749
1073723735
1073723845
1073723817
1073723790
1073723750
1073723818
1073723804
1073723764
1073723737
1073723860
1073723832
1073723738
1073723820
1073723753
1073723849
1073723754
1073723740
1073723768
1073723864
1073723756
1073723852
1073723571
1073723559
1073723573
1073723451
1073723574
1073723547
1073723507
1073723699
1073723603
1073723535
1073723495
1073723453
1073723687
1073723591
1073723563
1073723509
1073723454
1073723701
1073723619
1073723577
1073723510
1073723483
1073723702
1073723675
1073723633
1073723578
1073723565
1073723471
1073723663
1073723634
1073723621
1073723566
1073723499
1073723691
1073723677
1073723622
1073723595
1073723580
1073723513
1073723705
1073723678
1073723636
1073723514
1073723501
1073723706
1073723693
1073723502
1073723694
1073723625
1073723516
1073723723
1073723708
1073723626
1073723640
1073723725
1073723628
1073723726
1073723447
1073723423
1073723439
1073723297
1073723298
1073723312
1073723300
1073723329
1073723330
1073723344
1073723332
1073723304
1073723360
1073723293
1073723336
1073723294
1073723155
1073723143
1073723171
1073723267
1073723185
1073723186
1073723173
1073723174
1073723147
1073723203
1073723217
1073723218
1073723205
1073723177
1073723233
1073723206
1073723178
1073723234
1073723220
1073723192
1073723248
1073723180
1073723236
1073723209
1073723210
1073723224
1073723212
1073723240
1073723027
1073723015
1073723043
1073723057
1073723058
1073723045
1073723046
1073723019
1073723075
1073722993
1073723089
1073723090
1073723049
1073723105
1073723050
1073723106
1073723092
1073723064
1073723120
1073723052
1073723081
1073723082
1073723000
1073723096
1073723084
1073723112
1073722931
1073722919
1073722963
1073722951
1073722923
1073722979
1073722965
1073722937
1073722966
1073722938
1073722925
1073722981
1073722926
1073722982
1073722955
1073722969
1073722970
1073722957
1073722985
1073722958
1073722986
1073722972
1073722988
865246458
692543073
434333157
491964799
308444976
218529672
1067991706
455939581
787862854
652730130
895216014
646969676
799528306
690779098
213843411
901411447
862280935
1004881215
695189094
1013149466
971004621
647887355
990576149
983102435
460978474
670719592
866048982
791608912
980408278
1072122317
1058890745
1055816949
17853477
47302925
39973915
81547827
881967815
755299331
284773636
214258981
385942399
475353473
328329267
617861327
271406751
34389327
583222217
59022143
571464204
278684631
373542537
679433392
203579050
129517692
407498968
341664124
884402358
479483198
430825718
155310990
979157347
767618197
162231849
391501868
446514916
833346070
984773680
290576251
950061817
838422953
745337023
1059605025
304869315
501279883
193395802
893111737
587099199
217863870
300603983
771049409
511043268
1011575964
528506395
899578025
395704888
663616709
427617171
842399387
752188172
527486327
788296356
704051624
960263784
969719325
133267336
1058435866
459960813
521989847
761065403
1052540006
518250346
860650974
368016363
961445614
937097194
114934005
556614991
43242317
847766071
284141367
341133933
865452442
429509265
903177253
252559847
114172671
15325115
885376473
177887325
1032441991
505431421
742182159
454415026
680737513
482661133
24802039
18808290
65788213
284769987
151476219
22871690
765620542
566192826
263153193
662747645
245356191
513758519
774954220
845577261
184415665
712517599
502911545
983517680
129998585
974453839
251033842
365984504
655064787
224051023
753659795
401963398
649940984
497578494
1073039809
393050430
721352528
531362546
454687358
1046892514
735280462
1048279103
1064072564
284870160
236208475
145844507
26430187
675612159
476791865
436455183
169199087
338937695
582314405
698205025
315413173
242107284
1009209738
619076667
371840736
312617974
629066026
8089375
639234855
874239228
754567324
672153573
492104067
525649570
150753092
131714254
151665628
472380541
777243335
775743683
231985659
677100780
130956691
378584568
787536961
592836210
615349044
691780215
594529136
148500342
256141786
964803999
578770913
276774622
858122943
566917965
744357317
786099864
511622051
995485651
1009644415
1053539254
1064692522
414695443
2296831
19620060
28132595
155797040
216416928
691585167
185688374
134307048
294701375
227131642
635889664
169266864
311055532
411625749
48811113
31279338
170577476
312265870
355755322
472828226
554364272
137066588
542527388
424331015
308730417
783401888
544403020
882336661
874073557
311216845
570571727
694601163
74116460
343699659
98711036
388386592
405271924
230639971
48032662
448256384
434816412
167407831
836686908
768074224
1067500186
761260075
66407277
656882407
690776970
327531006
560348125
404454131
124237678
933393047
769707938
1042637629
909561770
797528527
349862806
1024445773
1068261646
461983535
515587314
376796652
703921794
646733551
724495903
699326355
1030972124
888730570
993294091
1072030151
1034832881
862869493
1060691324
1073412930
19941345
93409890
208522256
339144870
14639477
35678070
548490178
247587097
314101850
43840015
19131279
504783168
840522784
558581577
240575630
312038755
565535222
487707973
873323561
283100958
330978480
394324502
121561865
316270105
275411293
307604968
862765716
953008687
595744990
807392077
1011114440
458516519
651614865
978829983
907892906
185415162
702145319
47086861
513161527
531451933
776951136
410447436
240678460
393401065
99153872
976646699
593057515
358678089
852933877
515729510
961670808
472706551
972543634
577731352
600369996
505303996
1060004168
606076652
989416620
533218278
794882667
658828266
993059790
994261662
794704338
721055177
1004948087
1014916030
1056073691
1051522971
739853585
277734145
402999453
276878798
555928264
329499050
298972208
253550850
809887006
277049113
219248916
711181137
954359922
355295358
611272628
314693429
865943674
638983671
612364405
782295413
321150720
757065755
471720751
263345056
671673198
1061412892
832168781
317389831
986728788
363637746
233498825
343038948
403504670
397692597
471656910
232221298
675672021
978622325
961965171
635759419
659242774
238419424
275283925
657489676
485686050
426667242
603675421
732065762
1025662779
207551357
794881724
772700152
1059813437
1022414828
1061771709
570612870
272918076
421184585
338778673
61466689
171887873
544954521
213676131
193157396
120911909
284672860
297822565
188138407
182309506
840976873
155477805
627590968
95806437
567538875
613644769
49313588
706960691
28686847
506647237
225039915
941530357
479455549
962250852
696962475
224285479
707316470
119979721
598170388
962257462
66113422
940569786
507608099
155704015
1033685256
358019517
285015084
1041322808
193880813
600855527
179338431
546995146
603354528
1024776287
392031371
945217202
839343947
653611963
751751104
525296067
531483192
358398827
496684018
974518896
967729643
996398649
980404920
918878427
942866231
800780477
1012723098
694614882
949517687
753756920
600342285
1049685992
1038413733
83379464
344940758
695386189
542790843
124502594
149669459
146857479
71396238
172122838
276840110
821117874
682183907
132826269
68680283
72546009
748082281
821544492
434685221
54328339
33800142
30177341
383993460
299353565
288042478
179660490
221154799
677796927
873250485
765678987
112905189
619534663
594240338
311418394
415691682
294444866
635606910
874505694
585748211
635877614
808345482
550468938
358809101
658330456
165486075
432529058
868931985
194916185
682188754
794980786
1010299716
249444979
335180970
1010802401
669993764
863134205
897054007
482669499
434437424
1041130328
794490035
771749376
459656053
525785196
722001750
858615231
1025373112
1061680370
1067054394
728890866
713736753
403066140
60158026
569073707
85712256
203354266
810436153
690119894
121006465
758304950
293882655
649588760
403986678
730779696
817485110
412668403
48686890
25816008
322621727
288912791
820400743
181485107
59801008
704806163
955011250
742446935
642963703
817720597
152681208
383767090
957541571
846721289
239123940
390844841
346683502
577886031
164876106
890190261
691337390
38629279
944559479
720892997
110395220
362018784
505601648
1046009219
240045813
965261631
726344671
521950086
198622983
667531638
267598043
980019011
963563174
1051357468
947385176
527584966
895212779
448460380
986599179
1011014511
871397771
259816478
746192246
736228839
528150775
1032452995
710729563
1064978347
527063927
85050318
244664359
738579610
357654714
559282208
210123039
149623487
698836022
331473668
1019396635
120711384
293728129
850217111
105396682
553185702
376465632
385336425
848416420
924246158
128545847
874507279
876798447
1045938223
164320615
373772766
423249818
99468158
682486563
1022480460
65535041
358242004
581368150
29686491
610491118
326780850
705493648
203153237
624410285
296845184
1050206547
514250378
74170358
357528919
302939954
510543668
779119944
244412239
402387097
859524904
490338503
400184946
725704013
1035586731
899446008
1061180813
1031066030
862712264
925820392
930338292
1036115352
914776039
937680658
468602796
733969388
43247730
646038813
567501878
644072659
76737972
302306847
70545907
622547129
407880289
174540451
594788935
71287677
341526896
811491719
157471203
1040564630
411122037
202002135
32652627
682313556
414143139
540659627
726979104
337491922
582894317
155210733
83744674
563341259
633402680
246894828
252628073
561576467
470105771
662883769
375676018
589289905
815262631
944368012
170128375
505171370
421949196
256310296
662488887
363223962
775376775
815984572
411957903
368359898
158658502
1041092180
859090779
1016052071
200439035
863522574
534801523
933913460
918353464
248869630
398326308
156131305
416904185
352218100
926937541
1037434690
594657307
156165121
651739182
377676212
314106163
143112509
875091490
48981382
683458687
292348257
3403624
25796593
17528297
328058225
112027711
355886560
763414765
319223989
583331208
840161945
515201057
576082861
304306990
904197137
606531402
681729369
600818530
458510729
169466723
106421674
744224901
1058065572
553178985
595352615
296336217
1004552303
844417896
201980884
317387474
1025037623
829966269
676325758
182775413
601225416
175193919
1043253017
372038365
777736667
698571597
690583994
329906716
816013178
521333558
971029732
715747833
1063734531
550173565
594476094
946601508
778755522
521886516
791068239
971372947
752840598
459958106
798735567
522972588
1066169181
72140198
286711913
675792193
5981918
556025779
73853452
79079915
147571595
542231916
68286185
809083807
345763983
203017439
202894983
123849076
104719842
688155765
780497168
141510503
89935181
104525369
431245152
1010070049
321803019
297202252
580309966
414609834
596567720
463724751
872996769
461624800
551467987
560740079
682679769
515132980
852419828
626609099
949178157
397915762
894625469
971789351
342662909
772140501
785208710
394935540
1023894959
225994461
1016613567
821783320
887813685
900920162
590207926
441675382
942439608
909719919
237370268
1030540865
585070379
966843739
667401704
1041037434
1005374873
504201073
1005763526
535852877
604357109
605602269
276091977
202762439
562185721
109500180
410566957
297060878
42022779
278811866
413589915
706823801
163268918
5036954
828624056
605015028
64899969
629824914
130967596
503835923
298182487
524372359
587935214
883092417
858253552
423031239
1030147137
562359805
348682582
379972977
229701753
316204996
1062258202
846239738
289865291
815689148
326423537
341950333
1009179948
663316287
1015894654
489085768
127549341
192167275
232060510
265083473
655948249
760802666
1038632437
1044958162
428687345
794680598
1064952471
993155547
700381137
463893490
990674104
1066355134
1054990100
535480956
860159453
701069823
804843492
80658912
97108218
546469986
883410466
126599850
297255167
123299888
162056494
109721318
543585201
103273948
562232434
761386272
287192983
1008452081
139415160
583952649
77887351
416796067
749337601
61132269
217377123
60698090
257254819
357255924
408442317
772978611
16710243
347929735
243921591
194133307
400584999
749202731
946793088
665184946
578808583
160005907
434256119
752990150
602027768
482929241
872073358
764341309
733079786
391664609
370474833
323710770
396292220
700740562
948952377
792901543
247019373
1035562034
791566725
1064394859
486793020
167329686
628946701
950712825
1052696984
992110967
669862143
380223389
852712922
764405706
239205339
418805705
957349772
995282937
985530126
45241462
212988038
101443765
97939617
572057692
204850015
633718384
69168566
294734683
639550327
17693101
243649103
914641452
730058956
325579041
8335293
981551794
342059481
92040594
596400425
203414368
562453474
825784420
307455852
161396677
455823482
736285063
702240795
847996849
504442739
178387599
446590049
1034896273
189066857
687562023
198446079
1046170017
968090875
509137737
73097198
554434284
571899711
516704141
683669736
866935667
849903011
508780309
919426383
481917260
417790855
939182189
185138681
975101578
645033726
1055908981
920579969
935812664
1037164300
277726434
561045670
549899413
849592377
84601867
271902374
806474409
34564337
60944470
337369255
179224933
176184419
26671191
288745575
141255271
747328786
43053679
862307522
614197561
595313536
287028830
879479834
582819043
227402926
155671873
420335143
103540568
508092711
540307319
112847530
496296495
771926998
913396826
373386976
663549093
600785779
156302118
755193769
399501377
619442526
644607623
194636583
948303559
826992109
696904505
406060351
836819890
689566707
948363143
863320351
665641942
791700957
784397993
1071203638
846419918
645068788
362729453
1050733044
189789145
222248948
529022409
769029077
804769112
915570478
962468847
47302864
360431622
110290488
825090120
207762679
141910933
54610556
27515797
288781494
540888535
829444770
139193627
835703841
683894456
278838098
449111347
19513150
571997408
817709566
623858418
29977212
690695624
304471764
857301476
843870435
111639670
386682283
348960630
827056972
919857306
163937370
647753354
411369225
735637600
32306148
836855583
782388712
913102258
261499837
401919411
465163497
360181652
264272413
812371934
628773884
1034016444
523399788
949043179
1058956506
1044769634
978139085
1039492950
534965595
636534921
537618019
419554404
274131098
276678730
127484596
167101958
673171109
187752651
580122645
405161866
59532069
207018502
155275058
43390943
604458702
145910579
388254100
107825439
71064686
329797860
915753360
560092102
20543611
107640355
595313267
280678241
307820067
216883503
53696890
228808108
876046241
651677062
669508743
279443923
260117375
124969816
631167081
64743517
940558250
883384826
564064859
304019670
594863705
116126936
478933647
185334896
206130943
529683738
314997632
884273758
782230607
760172877
744994771
968314055
241203015
191689805
749659641
1038574900
425586008
853075790
523225812
264066623
776501061
497807820
1035659668
1014656228
863836091
1061467847
390584315
866842383
1012521846
785447739
183730133
704528091
460224232
38555896
338387262
543744745
219345489
108908743
143544132
280722469
662860964
164065387
440157987
321745201
237627801
590464987
764560346
828561096
873527926
906517566
836397602
823717330
867294465
962752559
350907813
349346811
219838793
946590058
660133530
575045384
125292343
237039450
509858237
460543150
790023875
155710415
398711409
1041394160
426663030
850065935
1007416792
728823489
427642460
933637375
521979631
463134222
425304056
904684924
784498203
992633773
531775313
1042969853
1038709208
161300599
402999531
423814657
873558419
579991058
229725460
655093811
610718449
79949145
181945809
617663399
264814901
711614755
384418377
473253341
635888936
394715735
842127941
383148753
808286528
470899053
725804358
400181278
581328188
791240947
186567371
575469457
85523247
223763685
598172495
725143788
189511601
432949818
442458835
227961781
876814313
337442735
931427106
384064294
574095156
434426780
1023945590
560159615
619343810
740323319
889846688
953080111
779572909
920603241
841970607
191686616
484010977
854538139
749497295
1043231865
784199431
427715523
464287292
332953341
500203441
929685457
570546723
19094575
626126858
338945119
567923762
219570994
625465493
571691882
649094471
92034206
290146733
113242643
396708258
596896015
978339021
696864031
213641879
466641014
469972926
494227641
56391265
461755824
1041778359
568093046
215496191
712763953
316463516
26205181
824865626
879360784
726099198
857727954
442611566
359397797
885795831
404029245
930301771
777974184
1045193431
330169652
661805044
504198591
999283077
1040708343
1052603570
433543035
995192498
999879867
639270764
638353400
507968329
1027168732
1062263467
785972902
802110358
615301155
305946657
84064445
119391747
544851188
546130612
111952355
411586717
112292902
413254892
945874064
382159136
69790566
858571169
593745063
358172008
541291355
134471414
590857062
628770189
80334329
619046736
260366792
414797207
569624489
832916876
509791426
13008558
724882967
226514795
918406441
500845604
144506409
43802468
432590053
980542551
560692280
870435601
379312592
684815081
860833180
225434121
173112633
968021652
1020752944
667699625
706297652
577256406
118943468
637992554
484462519
587163338
784624231
486042962
660666209
519255524
775118604
598698619
531972986
663255670
739924988
466163579
802255275
850493227
904296233
1071804519
803000793
494497254
991426376
1046323006
1064418205
1002798763
612462821
37088451
55459967
344867763
848773228
83780902
543258290
169801745
339983601
818013889
681494159
589518153
134250307
103534307
290650320
37019322
226313024
48556605
153082288
814046775
809295124
48097969
465092849
371338079
277577474
357757339
891086177
924274808
505868582
261485200
641255401
362111979
442909657
161249621
906194833
449466128
819781158
789049910
229611999
1007308600
1026571825
157022673
467030804
323598718
308084104
754314766
430332393
1017924204
411754480
453040892
759100632
973828936
351174052
354213629
924505035
460255883
258340333
595541930
160581725
112741430
170347812
630310803
748808357
331564386
203414038
614059799
1024508463
140891878
295856037
644371844
227690424
959824313
682513583
814895994
295558434
88911341
390582380
671367081
661242664
274496571
104003292
507859568
755799991
627599729
749171992
388654648
835070455
251720614
257026154
653324575
65489642
953110947
420593462
691850068
913957286
120377148
954359169
715999959
583562074
921064787
661604588
249066904
846718440
801005740
1003213956
984807505
107543382
913991445
463326494
904554779
1040313226
406746100
1037356556
444355470
328366950
535317566
960970411
884662073
845969740
164036454
729177336
524958578
790558396
1025374038
1045347023
73523382
6698603
196296749
206161616
294307484
298697603
169566835
95000310
325927990
52218297
69287418
648470744
414697768
853820208
73215359
565728868
504710490
854742055
53438369
165996728
126670911
717376795
231532164
854279056
56715979
811777340
285136118
758374750
45963112
641816438
116112054
424401122
585816294
941312383
422268642
182481518
962914362
121625705
760466751
619378904
515032557
782846868
285205494
503211185
642210298
246889831
382234991
227523933
195321501
172519369
503312641
464680095
971531154
256826486
489766896
734423861
822067140
265220841
1056725290
736886440
51660170
93447431
294834358
363914274
23192278
576834061
606431545
47245079
745722009
889344681
841539802
357648268
185785495
403691733
596137649
102133434
825488145
119232933
65524086
995288068
420657635
471586025
556398346
615376237
201015745
164617238
158324104
438782394
917162153
726885013
439507999
470251705
945076535
860276328
426923225
834262596
888066249
397231025
213808356
746958710
236698175
215666580
449079415
882791996
862314730
207387706
694507165
346742456
778390812
515330419
925625367
260328924
967237122
526489330
125036530
455752945
709222100
600587063
405823358
64413670
410418036
434070489
800942473
792589596
795900229
1035295146
467823864
182549482
469579374
554092966
6780450
571525004
537083486
557246854
165135912
504553993
1028768802
875153516
185263653
222020323
345528494
758204521
824558522
1013211234
810541722
543637106
4093798
255977011
911594509
65066776
571731860
391595458
297457537
481878558
350147825
559469935
684778222
291041870
160120248
554859418
90961588
552804271
197584496
464253059
512416020
1024845393
690907247
183396131
473560590
108852876
612826783
100067708
489847969
476015729
909426114
438058773
227195805
894687115
224852784
984765173
1023826711
931377917
856813005
618360312
718121455
931313485
712338748
195620565
962185708
232808416
719674250
1066658118
897113689
937653856
999877862
1036834529
1048229590
1027200846
509369313
989730809
19000513
340640197
655017481
4977338
740024425
437433573
34986446
690140406
545961846
9960870
12252616
780583339
369444781
104393103
338290672
170671307
579236542
115822167
356797694
72903534
51112766
933512082
385987574
474507700
599996133
320665126
622017388
866765964
730224292
441305754
509601056
522480897
485774445
357095895
916436198
513127676
591292326
769213054
124464623
978529739
452286053
630849054
366787060
401961856
916479758
433528316
830429503
451889965
495578937
722206345
668678843
466046777
863123963
1018896120
1062509565
68108533
574799983
68220385
93578128
481804803
880955699
161177766
807880043
576840277
543242558
553870294
25655357
689818663
574215279
114322865
211088755
206038829
255215722
555662679
644303477
564652395
460775495
346830303
190468789
681505248
133489978
81458010
162690771
407427852
1012649096
423877858
282026959
27716589
361540583
884783349
224188212
851684187
110918983
441153075
131529280
703488318
428694170
858840185
232649843
357321677
995020886
597552007
719665946
756113117
862937575
1023046810
1043026680
964441995
971231186
508746591
259718064
802111143
972840266
1004346271
102191369
111428007
30953776
152233494
204989577
623923262
270997477
549935369
563401931
308765752
59368666
51468901
576047768
427016491
592437291
455427254
942919965
551217560
139049434
439837028
551177701
730882172
50876267
741763411
633431008
446222879
573111817
915136870
785473660
890524127
297634782
409965559
89488953
484894609
98107072
204077900
648931270
317504828
448224428
530572928
389608860
651546488
913692470
446127004
477919013
453753592
483979143
657750923
507985751
1056332163
1009056725
1066063436
391540665
802954979
1030536382
44459360
16213179
879444147
588436633
378913140
606563622
11253610
479052496
254660770
637628917
559027199
300042058
598071044
982175788
789696687
177002838
232573047
986956077
642336604
719013150
656691076
846513068
541604857
412571547
772558276
134180904
42892858
225170897
184237111
756537672
294174414
764274899
645131548
582449464
612161900
767880293
770106801
775051624
658266397
868209287
1043745193
172511199
451143588
636344757
296185828
695628127
506129122
767850163
379402879
512630514
992735888
947383188
1029033627
511196349
829816390
949582189
468505196
960453230
795308874
929573871
1038968741
1069838161
997145549
83021861
24364245
5195867
204064149
580370986
675136102
143218090
406643769
564433663
703578165
33675230
372884890
294603879
849233175
455001169
602136788
169494475
123855535
597145783
200460347
242619631
19659116
807057789
215212986
539385759
181517987
361780158
387476524
370076983
575370460
677144513
1008846807
281009509
505864693
231659607
393530691
214691034
688893310
761128288
596277575
355497833
395010795
913236881
1010187155
150434671
400057050
602532253
770757245
231631452
124481270
802410125
976967399
1042380249
455662413
183262966
1032388507
45605904
8118686
347137347
570739495
170385858
546698642
271043048
545903838
363029560
859553834
941057137
471102518
30599093
614134328
616132782
216087707
609211694
958054799
403494127
343997766
891872035
28045919
159994850
244893524
245129341
108316650
211573526
77877245
258764834
386951052
182081692
424769075
596823758
943221399
790511979
764506458
821323242
576384900
912635603
406502206
1044662099
1043678013
852057635
497641825
947378378
844487912
1024539321
482765486
448550138
1013230578
693460427
1004588108
388626775
365195164
921654933
618527681
521892092
970781215
1059511968
1039655877
530405337
5721318
70638634
7004971
53335054
554815393
620052854
8580575
166413606
832160411
392610844
239243775
831254693
41900093
166849058
322587409
170448249
97380227
444688804
699754662
818727730
250827184
611855807
194566353
130897013
690232953
766238934
917258910
407792040
328670458
456606536
492425336
618732415
974311204
323416439
567106993
931751016
225339621
407370814
703752367
707124066
779544854
248098590
391475758
921096632
742243995
477844269
317550940
499666477
1041590962
965995330
976448296
702143690
837054940
1046080128
998893103
400353971
906589692
905669380
399112865
969300205
736145352
728043517
905276868
862125340
444528244
903802660
516709110
863533008
75251953
4086818
94658716
20113078
10577835
51988794
347489837
433274926
690537265
315608098
25786918
299036730
410146059
28919548
522764553
751423576
349434288
606459724
676120419
483644960
12148440
61963426
785503284
409784732
60421824
749922506
689556079
787793233
488358746
480555839
425288461
61267665
742152867
377940399
676031819
512551202
819553005
247690646
634811511
221174984
852948024
328726153
493052366
674163965
682114969
585914849
665676016
898661124
733921725
385176043
709564287
267445914
738327524
738555839
868210067
364113777
180353256
852455892
930895169
403666813
794090679
954267002
525462866
603867882
797305212
720150331
1050169018
860154621
996238783
509017612
527658770
848363482
801373760
75533119
280514719
34327448
916504761
18828399
160821427
707387479
706101629
250790470
612168756
246797343
416798992
419914690
218648156
751093587
627307049
181953631
336788059
717246895
187255038
406741969
354218665
913851813
377941195
63298790
198046849
593717646
262100012
602364017
132142892
853628531
236367848
186558974
837437269
663148249
1012523719
238042871
418994583
315520396
670232748
172801875
229883632
1012945725
650340191
610164509
510641062
780322813
775818734
449898287
380917734
359486412
360107854
122322125
683334126
500881987
1043557808
993552164
697678718
201275751
796780837
1045387056
786816409
1062358483
980990667
1042835311
939080931
53732355
415810595
552551454
621332699
76246371
816240177
15722764
953401735
551669135
809259463
806919991
74208717
851730828
154253786
30241223
727107082
838191383
223533622
664816340
757157214
619166966
297625022
595388503
340030974
977299061
694547767
190568651
867750461
167038699
949153632
1047160195
897054803
265935074
946517724
1012327409
500292946
1060752912
867781351
893211636
532860666
1062564958
102745511
60277356
38597730
6806063
27543419
116024347
387048979
471059859
948356704
80895369
95593470
242865187
1048692746
168949079
150231268
883319686
115403472
340143597
315640311
657835611
708105325
283866338
944456614
839428982
174209598
55294202
150232223
127330930
560949342
911231473
481948224
258859397
294809388
126413419
1016873879
941159831
112720561
969134544
908979296
327481533
630188504
744737725
567537479
138272602
127299288
231464247
702139290
502059226
1047740907
776068414
329249510
661082051
679472948
844330977
951893295
957742485
936833102
1033943863
422180713
254704946
159315922
669972146
765153261
85775498
7327016
69755615
136074635
36057583
680215157
114582115
357910811
939775396
543617828
100298791
203824951
632669853
171626842
411979155
807630069
23393529
229987621
403765895
961593758
473814130
177264487
3930870
963231974
287591405
123359918
514181226
721208192
317147581
596634737
589126256
619739353
829569567
321077005
55040857
975818120
603514642
817551803
659904866
1049023074
824408786
322452961
117063109
614333727
933610343
224387983
1051911476
722812315
126860999
530904149
803270799
923001836
490796872
866613447
1034139558
501003751
812449230
917135281
995768949
800194089
929463973
1062762972
673956936
571924792
143782059
72107454
95832125
106354854
11365677
338997758
648074807
337005308
246309931
411334961
772752819
303297785
323478947
823685405
655449353
327340750
907335782
432391664
509333641
507562423
80273016
435798496
334848661
722029879
680719247
683013906
171567343
566486526
431937547
36102010
396707451
982336299
642511585
852846764
651544316
141352688
1009178501
167733419
1014383084
174799481
126415858
876674173
198334960
762891605
328625821
993977413
395038169
948139754
476141518
772715390
851669971
743307483
330591189
703713180
938890017
703183547
720956045
769249158
197753522
298483426
852618091
773706745
798252276
974936034
761478649
458120082
868640699
530934123
464902860
781937530
345899000
532560557
1064433945
989557240
141902312
271215365
555730174
828687793
613591021
745754741
47372060
185758887
568645704
583619991
313448002
873668327
31257884
130311500
347624335
685038160
749359341
886556147
776360156
268288322
326329130
596175423
684976493
266591285
521553643
566017863
713747773
510116703
497874986
421507060
768333932
425942946
1045522038
435578803
777637605
449308533
727566189
683146184
803949920
1033154534
1030790910
1071700768
761556956
995061290
770046913
138199957
21089748
555479179
101009261
345427363
302458365
809158748
475284721
818270546
218662847
333038605
32829640
625350135
354607595
458146825
564520510
551873301
90338197
753618986
274735094
318847830
772138206
37027297
885251210
975237668
129585637
175764524
571465156
310962665
262821141
46124900
432367203
73187066
992110755
444851131
324499552
594439209
721743495
296964042
787472673
134107733
650857913
903865728
160986602
362050940
165268331
508647329
752250127
216099786
399962769
869685524
643915466
917756460
766276007
518280493
132201975
340261862
697990018
167180703
264961202
777542610
520699386
383482819
809058739
113332901
161145250
605235135
537392349
127452365
58083391
269743677
133677619
478036193
629921426
161108897
884393208
298244305
347861285
422168124
716362292
631763113
578112047
53802215
141653118
176413045
621927965
295218078
276191729
307879107
792970819
850912333
353589135
19750727
913295371
97713673
583464345
811530282
634155779
885166031
850875582
326846371
940554055
142045026
259219817
447574432
1073692640
1073692624
1073692400
1073692144
1073627120
1073561456
1073558512
1073722911
1073722807
1073722783
1073722743
1073722839
1073722811
1073722867
1073722799
1073722719
1073722814
1073722747
1073722857
1073722843
1073722735
1073722858
1073722831
1073722749
1073722845
1073722750
1073722846
1073722559
1073722603
1073722495
1073722687
1073722591
1073722294
1073722339
1073722341
1073722327
1073722299
1073722315
1073722287
1073722301
1073722345
1073722333
1073722334
1073722350
1073721919
1073721597
1073722167
1073721791
1073722143
1073721847
1073722103
1073721849
1073721727
1073721850
1073722174
1073722230
1073722093
1073722079
1073721852
1073722107
1073722110
1073722235
1073722223
1073722237
1073721583
1073721255
1073721270
1073721313
1073721286
1073721314
1073721328
1073721316
1073721261
1073721262
1073721111
1073721139
1073721141
1073721171
1073721201
1073721077
1073721202
1073721135
1073721231
1073721204
1073721191
1073721167
1073721083
1073721195
1073721197
1073721086
1073721198
1073720759
1073720775
1073721015
1073720735
1073720895
1073720805
1073720763
1073720991
1073720951
1073720819
1073720806
1073720751
1073721047
1073720765
1073721007
1073720766
1073721063
1073721021
1073720927
1073720943
1073721039
1073720957
1073721053
1073721069
1073720511
1073720567
1073720447
1073720243
1073720639
1073720543
1073720259
1073720695
1073720245
1073720559
1073720573
1073720671
1073720235
1073720699
1073720687
1073720701
1073720293
1073720294
1073720252
1073720269
1073720297
1073720300
1073719767
1073720091
1073719755
1073720119
1073719783
1073720215
1073719797
1073719551
1073720094
1073719798
1073719758
1073719743
1073720217
1073720150
1073720122
1073719786
1073719772
1073719999
1073719678
1073719283
1073720179
1073720055
1073719801
1073720125
1073719789
1073719285
1073720181
1073719935
1073719286
1073720031
1073719275
1073720157
1073720047
1073719289
1073720185
1073720061
1073719290
1073719292
1073720188
1073720175
1073717727
1073718719
1073719071
1073718775
1073717758
1073719195
1073718655
1073718111
1073718765
1073718779
1073718766
1073719131
1073719007
1073718263
1073718142
1073719255
1073719215
1073719037
1073719271
1073719230
1073719151
1073718269
1073719165
1073719261
1073719262
1073717232
1073717159
1073717174
1073717147
1073717135
1073717163
1073717150
1073717165
1073717207
1073717166
1073717195
1073717210
1073717198
1073717213
1073717228
1073716895
1073716911
1073717050
1073717023
1073717106
1073716955
1073716860
1073717052
1073717039
1073716943
1073717108
1073716958
1073717083
1073717071
1073717112
1073717099
1073717086
1073717101
1073717102
1073716470
1073716663
1073716543
1073716798
1073716639
1073716599
1073716462
1073716722
1073716667
1073716710
1073716655
1073716724
1073716575
1073716670
1073716603
1073716831
1073716699
1073716591
1073716714
1073716687
1073716605
1073716847
1073716728
1073716606
1073716702
1073716415
1073716351
1073716447
1073715959
1073716151
1073715963
1073716211
1073716143
1073715966
1073716213
1073716091
1073716214
1073716187
1073716079
1073716217
1073716218
1073716205
1073716206
1073716220
1073714997
1073715123
1073715003
1073715775
1073715439
1073715059
1073715047
1073715687
1073715006
1073715901
1073715647
1073715130
1073715103
1073715691
1073715174
1073715132
1073715119
1073715065
1073715837
1073715583
1073715066
1073715039
1073715177
1073715163
1073715068
1073715935
1073715178
1073715151
1073715709
1073715710
1073715166
1073714743
1073714407
1073714749
1073714413
1073714427
1073714915
1073714873
1073714806
1073714661
1073714428
1073714621
1073713791
1073714678
1073714039
1073714878
1073714811
1073713903
1073714667
1073714681
1073714559
1073714151
1073714682
1073714655
1073714670
1073714911
1073714926
1073714171
1073713139
1073713141
1073714174
1073713142
1073713145
1073713146
1073713148
1073710783
1073711037
1073712575
1073712031
1073712059
1073712955
1073712511
1073711099
1073713079
1073712957
1073712635
1073712863
1073712119
1073712079
1073711102
1073713015
1073712107
1073713071
1073712893
1073713086
1073713115
1073713007
1073712125
1073713022
1073713133
1073710335
1073709887
1073709551
1073710589
1073708689
1073708694
1073708737
1073708738
1073708696
1073708687
1073708748
1073708563
1073708565
1073708570
1073708626
1073708572
1073708628
1073708633
1073708623
1073708229
1073708243
1073708230
1073708244
1073708233
1073708234
1073708248
